2
100 500
200 500
5
9
3 320 128
4 384 128
4 448 128
4 512 128
4 576 128
4 640 128
4 704 128
4 768 128
5 832 128
8
3 576 256
4 640 256
4 704 256
4 768 256
4 832 256
4 896 256
4 960 256
5 1024 256
8
3 320 384
4 384 384
4 448 384
4 512 384
4 576 384
4 640 384
4 704 384
5 768 384
20
4 0 640
4 64 640
4 128 640
4 192 640
4 256 640
4 320 640
4 384 640
4 448 640
4 512 640
4 576 640
4 640 640
4 704 640
4 768 640
4 832 640
4 896 640
4 960 640
4 1024 640
4 1088 640
4 1152 640
4 1216 640
6
3 768 512
4 832 512
4 896 512
4 960 512
4 1024 512
5 1088 512
8
Botom 411 104 0
Botom 802 108 0
Botom 683 241 0
Botom 999 236 0
Botom 411 358 0
Botom 748 359 0
Botom 1098 496 0
Botom 846 492 0
