4
100 500
200 500
5
20
16 0 640
16 64 640
16 128 640
16 192 640
16 256 640
16 320 640
16 384 640
16 448 640
16 512 640
16 576 640
16 640 640
16 704 640
16 768 640
16 832 640
16 896 640
16 960 640
16 1024 640
16 1088 640
16 1152 640
16 1216 640
18
16 0 448
16 64 448
16 128 448
16 192 448
16 256 448
16 320 448
16 384 448
16 448 448
16 512 448
16 704 448
16 768 448
16 832 448
16 896 448
16 960 448
16 1024 448
16 1088 448
16 1152 448
16 1216 448
7
16 640 320
16 704 320
16 704 320
16 768 320
16 832 320
16 896 320
16 960 320
6
16 640 128
16 704 128
16 768 128
16 832 128
16 896 128
16 960 128
4
16 448 256
16 384 256
16 320 256
16 256 256
8
Botom 687 108 1
Botom 988 114 1
Botom 980 301 1
Botom 694 304 1
Botom 481 242 1
Botom 292 237 1
Botom 85 422 1
Botom 1075 420 1
