9
100 500
200 500
4
20
16 0 640
16 64 640
16 128 640
16 192 640
16 256 640
16 320 640
16 384 640
16 448 640
16 512 640
16 576 640
16 640 640
16 704 640
16 768 640
16 832 640
16 896 640
16 960 640
16 1024 640
16 1088 640
16 1152 640
16 1216 640
6
16 1216 448
16 1152 448
16 1088 448
16 1024 448
16 960 448
15 896 448
4
17 448 256
16 384 256
16 320 256
15 256 256
3
15 640 192
16 704 256
16 768 320
9
Botom 1243 421 2
Botom 1192 422 2
Botom 1124 417 2
Botom 1068 419 2
FlyingFoogaFoog 667 177 2
FlyingFoogaFoog 737 246 2
Tornado 293 231 2
Tornado 457 234 2
Tornado 376 228 2
