7
100 500
200 500
5
20
13 0 640
13 64 640
13 128 640
13 192 640
13 256 640
13 320 640
13 384 640
13 448 640
13 512 640
13 576 640
13 640 640
13 704 640
13 768 640
13 832 640
13 896 640
13 960 640
13 1024 640
13 1088 640
13 1152 640
13 1216 640
4
13 512 448
13 576 448
13 640 448
13 704 448
6
12 64 256
13 128 256
13 192 256
13 256 256
13 320 256
14 384 256
7
12 768 256
13 832 256
13 896 256
13 960 256
13 1024 256
13 1088 256
14 1152 256
4
12 512 192
13 576 192
13 640 192
14 704 192
6
Botom 912 233 2
Botom 330 234 2
FlyingFoogaFoog 1073 209 1
FlyingFoogaFoog 202 226 1
FlyingFoogaFoog 651 411 1
Tornado 652 122 0
