8
100 500
200 500
4
20
13 0 640
13 64 640
13 128 640
13 192 640
13 256 640
13 320 640
13 384 640
13 448 640
13 512 640
13 576 640
13 640 640
13 704 640
13 768 640
13 832 640
13 896 640
13 960 640
13 1024 640
13 1088 640
13 1152 640
13 1216 640
7
12 832 384
13 896 384
13 960 384
13 1024 384
13 1088 384
13 1152 384
14 1216 384
5
14 832 256
13 768 256
13 704 256
13 640 256
12 576 256
5
14 448 128
13 384 128
13 320 128
13 256 128
12 192 128
6
Tornado 452 113 1
Tornado 791 226 1
Tornado 1056 345 1
Tornado 1228 358 1
Tornado 635 226 1
Tornado 305 113 1
