6
100 500
200 500
5
20
7 0 640
7 64 640
7 128 640
7 192 640
7 256 640
7 320 640
7 384 640
7 448 640
7 512 640
7 576 640
7 640 640
7 704 640
7 768 640
7 832 640
7 896 640
7 960 640
7 1024 640
7 1088 640
7 1152 640
7 1216 640
8
6 384 448
7 448 448
7 512 448
7 576 448
7 640 448
7 704 448
7 768 448
8 832 448
5
6 64 320
7 128 320
7 192 320
7 256 320
8 320 320
5
6 832 320
7 896 320
7 960 320
7 1024 320
8 1088 320
5
7 512 128
7 576 128
7 640 128
8 704 128
6 448 128
8
FlyingFoogaFoog 600 102 1
FlyingFoogaFoog 108 294 0
FlyingFoogaFoog 1113 296 0
FlyingFoogaFoog 604 415 0
Botom 758 417 2
Botom 524 411 2
Botom 892 282 2
Botom 289 284 2
