3
554 533
55 137
12
20
13 0 640
13 64 640
13 128 640
13 192 640
13 256 640
13 320 640
13 384 640
13 448 640
13 512 640
13 576 640
13 640 640
13 704 640
13 768 640
13 832 640
13 896 640
13 960 640
13 1024 640
13 1088 640
13 1152 640
13 1216 640
7
12 384 64
13 448 64
13 512 64
13 576 64
13 640 64
13 704 64
14 768 64
4
14 1216 128
13 1152 128
13 1088 128
12 1024 128
6
12 0 128
13 64 128
13 128 128
13 768 64
13 192 128
14 256 128
2
13 0 256
13 64 256
2
13 1216 256
13 1152 256
2
13 640 256
13 576 256
2
13 0 384
13 64 384
2
13 576 384
13 640 384
2
13 1152 384
13 1216 384
3
13 0 512
13 64 512
13 128 512
3
13 1216 512
13 1152 512
13 1088 512
10
Botom 1172 112 0
Botom 226 118 0
Botom 535 58 0
Botom 1252 232 0
Botom 19 227 0
Botom 48 482 0
Botom 1239 480 0
Botom 559 57 1
Botom 1103 102 1
Botom 268 108 1
