1
584 545
704 541
7
20
1 0 640
1 64 640
1 128 640
1 192 640
1 256 640
1 320 640
1 384 640
1 448 640
1 512 640
1 576 640
1 640 640
1 704 640
1 768 640
1 832 640
1 896 640
1 960 640
1 1024 640
1 1088 640
1 1152 640
1 1216 640
6
1 448 448
1 512 448
1 576 448
1 640 448
1 704 448
1 768 448
5
1 256 448
1 192 448
1 128 448
1 64 448
1 0 448
5
1 1216 448
1 1152 448
1 1088 448
1 1024 448
1 960 448
12
1 384 320
1 320 320
1 256 320
1 448 320
1 512 320
1 576 320
1 640 320
1 704 320
1 832 320
1 768 320
1 896 320
1 960 320
8
1 384 192
1 448 192
1 512 192
1 576 192
1 640 192
1 704 192
1 768 192
1 832 192
4
1 512 128
1 576 128
1 640 128
1 704 128
5
Botom 570 97 0
Botom 703 97 0
Botom 911 291 0
Botom 375 289 0
Botom 635 426 0
